1.558298390591517091e-04
3.416021936573088169e-04
5.471341501106508076e-05
1.558298390591517091e-04
6.236139597604051232e-05
2.024326531682163477e-04
3.416021936573088169e-04
1.262906705960631371e-03
2.997186093125492334e-04
3.416021936573088169e-04
1.478632748330710456e-05
3.695102350320667028e-05
2.189436236221808940e-05
3.695102350320667028e-05
2.844330629159230739e-05
5.471341501106508076e-05
1.367206277791410685e-04
1.052440420608036220e-04
1.199543621623888612e-04
1.052440420608036220e-04
5.471341501106508076e-05
8.101358980638906360e-05
9.985895303543657064e-06
3.241926606278866529e-05
2.495492481102701277e-05
2.844330629159230739e-05
5.471341501106508076e-05
1.052440420608036220e-04
1.297286326007451862e-05
2.495492481102701277e-05
1.776096032699570060e-04
2.307243994437158108e-04
1.367206277791410685e-04
2.024326531682163477e-04
2.844330629159230739e-05
4.800338865607045591e-05
3.893363755196332932e-04
5.057367961853742599e-04
1.868886407464742661e-03
8.532456122338771820e-04
1.199543621623888612e-04
3.695102350320667028e-05
1.079851926988339983e-06
2.246278114625965827e-07
4.925087182527931873e-07
7.886111319521660334e-08
7.292715054063592106e-07
1.970780374449532246e-07
2.367631850574980490e-06
4.321043718391592847e-07
1.478632748330710456e-05
2.698604930628789589e-06
2.844330629159230739e-05
8.761180652072653174e-06
9.985895303543657064e-06
5.191153377381851897e-06
3.075841505051357672e-06
1.402859652444021776e-06
5.191153377381851897e-06
5.916820100537734106e-06
1.297286326007451862e-05
1.478632748330710456e-05
5.763932713307440281e-04
3.416021936573088169e-04
9.233743912773206830e-05
9.233743912773206830e-05
1.685327697487082332e-05
3.241926606278866529e-05
5.471341501106508076e-05
9.233743912773206830e-05
6.569148390553891659e-04
2.629691734910011292e-04
2.844330629159230739e-05
8.761180652072653174e-06
7.292715054063592106e-07
1.970780374449532246e-07
4.925087182527931873e-07
1.330954688683050335e-07
8.312164254675735720e-07
3.326124726754642325e-07
3.995896349806571379e-06
1.598966605342866387e-06
1.920917202369309962e-05
8.761180652072653174e-06
6.236139597604051232e-05
4.800338865607045591e-05
2.495492481102701277e-05
7.686662684136535972e-06
8.761180652072653174e-06
5.191153377381851897e-06
8.761180652072653174e-06
6.743933681718772277e-06
9.985895303543657064e-06
8.761180652072653174e-06
3.893363755196332932e-04
4.437377792783081532e-04
7.107828423613682389e-05
5.471341501106508076e-05
5.471341501106508076e-05
4.211620034766383469e-05
6.236139597604051232e-05
5.471341501106508076e-05
2.189436236221808940e-05
5.916820100537734106e-06
1.598966605342866387e-06
1.402859652444021776e-06
2.367631850574980490e-06
2.077252929666428827e-06
5.916820100537734106e-06
6.743933681718772277e-06
5.471341501106508076e-05
1.685327697487082332e-05
3.695102350320667028e-05
1.920917202369309962e-05
5.916820100537734106e-06
3.505815811877255328e-06
1.920917202369309962e-05
2.844330629159230739e-05
2.189436236221808940e-05
1.478632748330710456e-05
1.297286326007451862e-05
6.743933681718772277e-06
1.478632748330710456e-05
1.297286326007451862e-05
1.478632748330710456e-05
1.297286326007451862e-05
1.558298390591517091e-04
1.558298390591517091e-04
1.052440420608036220e-04
1.367206277791410685e-04
4.211620034766383469e-05
5.471341501106508076e-05
1.199543621623888612e-04
7.107828423613682389e-05
2.844330629159230739e-05
6.743933681718772277e-06
2.367631850574980490e-06
2.367631850574980490e-06
1.297286326007451862e-05
2.189436236221808940e-05
1.297286326007451862e-05
1.685327697487082332e-05
6.743933681718772277e-06
3.241926606278866529e-05
2.698604930628789589e-06
1.138181869464460760e-05
2.495492481102701277e-05
9.233743912773206830e-05
3.695102350320667028e-05
1.052440420608036220e-04
3.695102350320667028e-05
3.695102350320667028e-05
2.495492481102701277e-05
2.844330629159230739e-05
2.495492481102701277e-05
2.189436236221808940e-05
1.478632748330710456e-05
9.985895303543657064e-06
3.416021936573088169e-04
2.024326531682163477e-04
1.367206277791410685e-04
1.052440420608036220e-04
3.695102350320667028e-05
3.695102350320667028e-05
5.471341501106508076e-05
1.920917202369309962e-05
2.495492481102701277e-05
6.743933681718772277e-06
3.505815811877255328e-06
7.686662684136535972e-06
8.532456122338771820e-04
1.439195126295089722e-03
2.024326531682163477e-04
1.262906705960631371e-03
7.107828423613682389e-05
3.657549992203712463e-02
3.695102350320667028e-05
3.657549992203712463e-02
2.495492481102701277e-05
1.439195126295089722e-03
9.233743912773206830e-05
7.486769463866949081e-04
7.107828423613682389e-05
1.367206277791410685e-04
3.241926606278866529e-05
9.233743912773206830e-05
2.495492481102701277e-05
2.189436236221808940e-05
2.495492481102701277e-05
1.478632748330710456e-05
1.199543621623888612e-04
9.233743912773206830e-05
4.211620034766383469e-05
6.236139597604051232e-05
5.916820100537734106e-06
1.478632748330710456e-05
2.189436236221808940e-05
9.985895303543657064e-06
8.312164254675735720e-07
7.292715054063592106e-07
7.292715054063592106e-07
6.743933681718772277e-06
5.057367961853742599e-04
8.532456122338771820e-04
8.532456122338771820e-04
1.439195126295089722e-03
5.471341501106508076e-05
8.665308356285095215e-02
9.985895303543657064e-06
2.598483562469482422e-01
2.495492481102701277e-05
1.496404316276311874e-02
9.233743912773206830e-05
1.640051021240651608e-03
4.800338865607045591e-05
5.471341501106508076e-05
1.478632748330710456e-05
4.800338865607045591e-05
2.495492481102701277e-05
6.236139597604051232e-05
3.695102350320667028e-05
1.920917202369309962e-05
1.776096032699570060e-04
1.367206277791410685e-04
1.367206277791410685e-04
1.052440420608036220e-04
1.920917202369309962e-05
2.189436236221808940e-05
2.189436236221808940e-05
3.995896349806571379e-06
3.791087124227487948e-07
4.925087182527931873e-07
1.822485955926822498e-06
2.698604930628789589e-06
8.761180652072653174e-06
2.844330629159230739e-05
3.695102350320667028e-05
2.629691734910011292e-04
3.893363755196332932e-04
3.657549992203712463e-02
3.416021936573088169e-04
5.322255566716194153e-02
3.695102350320667028e-05
2.129582921043038368e-03
2.495492481102701277e-05
1.558298390591517091e-04
3.695102350320667028e-05
1.297286326007451862e-05
1.297286326007451862e-05
1.478632748330710456e-05
1.297286326007451862e-05
1.478632748330710456e-05
2.495492481102701277e-05
1.478632748330710456e-05
3.416021936573088169e-04
1.367206277791410685e-04
1.367206277791410685e-04
3.893363755196332932e-04
2.189436236221808940e-05
2.495492481102701277e-05
9.985895303543657064e-06
2.077252929666428827e-06
1.230805537488777190e-06
4.321043718391592847e-07
1.822485955926822498e-06
4.925087182527931873e-07
2.367631850574980490e-06
2.698604930628789589e-06
2.367631850574980490e-06
3.695102350320667028e-05
3.695102350320667028e-05
2.629691734910011292e-04
3.893363755196332932e-04
2.764828503131866455e-03
1.052440420608036220e-04
9.724054834805428982e-04
5.916820100537734106e-06
1.920917202369309962e-05
5.191153377381851897e-06
2.077252929666428827e-06
6.743933681718772277e-06
3.995896349806571379e-06
3.995896349806571379e-06
2.367631850574980490e-06
8.761180652072653174e-06
3.505815811877255328e-06
7.486769463866949081e-04
3.416021936573088169e-04
3.416021936573088169e-04
5.057367961853742599e-04
1.478632748330710456e-05
3.241926606278866529e-05
1.822485955926822498e-06
1.079851926988339983e-06
1.970780374449532246e-07
7.886111319521660334e-08
2.918191057688090950e-07
1.729073204614905990e-07
7.292715054063592106e-07
1.402859652444021776e-06
1.478632748330710456e-05
4.800338865607045591e-05
1.439195126295089722e-03
1.262906705960631371e-03
3.150108037516474724e-03
3.150108037516474724e-03
1.367206277791410685e-04
1.367206277791410685e-04
3.075841505051357672e-06
6.743933681718772277e-06
9.985895303543657064e-06
6.743933681718772277e-06
6.743933681718772277e-06
5.191153377381851897e-06
6.743933681718772277e-06
2.698604930628789589e-06
1.920917202369309962e-05
9.985895303543657064e-06
5.763932713307440281e-04
5.057367961853742599e-04
4.437377792783081532e-04
4.437377792783081532e-04
2.495492481102701277e-05
5.471341501106508076e-05
3.995896349806571379e-06
3.075841505051357672e-06
6.743933681718772277e-06
2.367631850574980490e-06
1.138181869464460760e-05
5.916820100537734106e-06
9.985895303543657064e-06
7.686662684136535972e-06
1.685327697487082332e-05
3.241926606278866529e-05
9.233743912773206830e-05
9.233743912773206830e-05
2.997186093125492334e-04
3.416021936573088169e-04
2.024326531682163477e-04
9.233743912773206830e-05
4.800338865607045591e-05
6.236139597604051232e-05
4.800338865607045591e-05
7.107828423613682389e-05
1.685327697487082332e-05
2.495492481102701277e-05
4.554480256047099829e-06
2.698604930628789589e-06
1.685327697487082332e-05
1.297286326007451862e-05
3.416021936573088169e-04
2.997186093125492334e-04
7.486769463866949081e-04
8.532456122338771820e-04
4.800338865607045591e-05
6.236139597604051232e-05
3.995896349806571379e-06
3.995896349806571379e-06
6.743933681718772277e-06
5.191153377381851897e-06
5.191153377381851897e-06
3.995896349806571379e-06
5.191153377381851897e-06
6.743933681718772277e-06
9.985895303543657064e-06
9.985895303543657064e-06
9.985895303543657064e-06
6.743933681718772277e-06
5.471341501106508076e-05
3.695102350320667028e-05
6.236139597604051232e-05
2.844330629159230739e-05
2.629691734910011292e-04
8.101358980638906360e-05
2.189436236221808940e-05
1.138181869464460760e-05
9.985895303543657064e-06
9.985895303543657064e-06
6.743933681718772277e-06
6.743933681718772277e-06
4.800338865607045591e-05
3.695102350320667028e-05
2.997186093125492334e-04
2.024326531682163477e-04
2.307243994437158108e-04
1.262906705960631371e-03
2.189436236221808940e-05
4.211620034766383469e-05
2.495492481102701277e-05
1.478632748330710456e-05
2.495492481102701277e-05
1.138181869464460760e-05
4.211620034766383469e-05
8.761180652072653174e-06
5.471341501106508076e-05
2.495492481102701277e-05
1.052440420608036220e-04
2.844330629159230739e-05
1.478632748330710456e-05
3.075841505051357672e-06
4.800338865607045591e-05
2.189436236221808940e-05
2.129582921043038368e-03
8.532456122338771820e-04
1.262906705960631371e-03
4.437377792783081532e-04
5.057367961853742599e-04
2.024326531682163477e-04
5.471341501106508076e-05
2.495492481102701277e-05
3.695102350320667028e-05
2.495492481102701277e-05
9.233743912773206830e-05
4.800338865607045591e-05
5.057367961853742599e-04
2.024326531682163477e-04
8.101358980638906360e-05
3.893363755196332932e-04
1.478632748330710456e-05
3.695102350320667028e-05
2.495492481102701277e-05
2.844330629159230739e-05
2.189436236221808940e-05
1.685327697487082332e-05
1.199543621623888612e-04
3.241926606278866529e-05
1.199543621623888612e-04
2.024326531682163477e-04
1.558298390591517091e-04
9.233743912773206830e-05
1.685327697487082332e-05
9.985895303543657064e-06
7.486769463866949081e-04
3.416021936573088169e-04
3.150108037516474724e-03
3.588882740586996078e-03
3.416021936573088169e-04
6.569148390553891659e-04
2.024326531682163477e-04
3.893363755196332932e-04
2.495492481102701277e-05
4.800338865607045591e-05
1.138181869464460760e-05
4.800338865607045591e-05
1.199543621623888612e-04
1.367206277791410685e-04
3.416021936573088169e-04
4.437377792783081532e-04
9.233743912773206830e-05
5.471341501106508076e-05
2.077252929666428827e-06
8.761180652072653174e-06
3.241926606278866529e-05
6.236139597604051232e-05
3.241926606278866529e-05
2.495492481102701277e-05
4.800338865607045591e-05
1.478632748330710456e-05
9.233743912773206830e-05
6.236139597604051232e-05
9.233743912773206830e-05
3.695102350320667028e-05
5.471341501106508076e-05
2.495492481102701277e-05
9.724054834805428982e-04
5.057367961853742599e-04
2.997186093125492334e-04
4.437377792783081532e-04
7.107828423613682389e-05
3.416021936573088169e-04
5.471341501106508076e-05
2.024326531682163477e-04
4.211620034766383469e-05
3.695102350320667028e-05
1.920917202369309962e-05
1.685327697487082332e-05
2.495492481102701277e-05
2.844330629159230739e-05
7.107828423613682389e-05
3.695102350320667028e-05
2.844330629159230739e-05
3.695102350320667028e-05
7.686662684136535972e-06
1.138181869464460760e-05
4.211620034766383469e-05
2.495492481102701277e-05
1.297286326007451862e-05
2.189436236221808940e-05
1.478632748330710456e-05
1.920917202369309962e-05
5.471341501106508076e-05
1.776096032699570060e-04
1.776096032699570060e-04
2.307243994437158108e-04
1.776096032699570060e-04
8.101358980638906360e-05
2.997186093125492334e-04
1.052440420608036220e-04
6.236139597604051232e-05
3.695102350320667028e-05
9.985895303543657064e-06
4.800338865607045591e-05
1.920917202369309962e-05
2.629691734910011292e-04
3.695102350320667028e-05
1.558298390591517091e-04
3.695102350320667028e-05
1.776096032699570060e-04
6.236139597604051232e-05
7.107828423613682389e-05
1.776096032699570060e-04
2.024326531682163477e-04
4.211620034766383469e-05
6.236139597604051232e-05
7.107828423613682389e-05
4.211620034766383469e-05
1.685327697487082332e-05
6.743933681718772277e-06
9.985895303543657064e-06
9.985895303543657064e-06
1.685327697487082332e-05
2.189436236221808940e-05
2.844330629159230739e-05
3.241926606278866529e-05
6.236139597604051232e-05
3.695102350320667028e-05
2.495492481102701277e-05
1.920917202369309962e-05
1.685327697487082332e-05
1.297286326007451862e-05
1.558298390591517091e-04
4.211620034766383469e-05
1.685327697487082332e-05
1.297286326007451862e-05
9.985895303543657064e-06
5.916820100537734106e-06
1.920917202369309962e-05
5.191153377381851897e-06
6.743933681718772277e-06
1.138181869464460760e-05
1.478632748330710456e-05
1.478632748330710456e-05
5.916820100537734106e-06
6.743933681718772277e-06
1.920917202369309962e-05
3.241926606278866529e-05
3.241926606278866529e-05
3.241926606278866529e-05
4.925087182527931873e-07
4.321043718391592847e-07
9.474130138187319972e-07
1.079851926988339983e-06
1.230805537488777190e-06
2.367631850574980490e-06
1.402859652444021776e-06
2.698604930628789589e-06
9.985895303543657064e-06
1.685327697487082332e-05
1.920917202369309962e-05
1.920917202369309962e-05
1.138181869464460760e-05
1.478632748330710456e-05
1.920917202369309962e-05
1.138181869464460760e-05
6.743933681718772277e-06
4.554480256047099829e-06
9.474130138187319972e-07
1.402859652444021776e-06
4.554480256047099829e-06
8.761180652072653174e-06
1.685327697487082332e-05
2.844330629159230739e-05
3.416021936573088169e-04
2.307243994437158108e-04
9.233743912773206830e-05
4.800338865607045591e-05
3.241926606278866529e-05
1.685327697487082332e-05
2.997186093125492334e-04
8.532456122338771820e-04
2.997186093125492334e-04
8.101358980638906360e-05
1.297286326007451862e-05
1.822485955926822498e-06
2.844330629159230739e-05
8.101358980638906360e-05
4.211620034766383469e-05
1.478632748330710456e-05
3.505815811877255328e-06
4.925087182527931873e-07
8.312164254675735720e-07
7.292715054063592106e-07
1.598966605342866387e-06
1.230805537488777190e-06
7.292715054063592106e-07
3.791087124227487948e-07
9.719895999182881496e-09
1.869764076900537475e-08
8.988511268626098172e-08
8.988511268626098172e-08
8.988511268626098172e-08
1.167717940120382991e-07
9.719895999182881496e-09
4.672643072467508318e-08
4.321043718391592847e-07
1.402859652444021776e-06
3.505815811877255328e-06
8.761180652072653174e-06
5.191153377381851897e-06
6.743933681718772277e-06
1.297286326007451862e-05
8.761180652072653174e-06
4.554480256047099829e-06
2.698604930628789589e-06
6.398291247933229897e-07
1.230805537488777190e-06
1.822485955926822498e-06
1.598966605342866387e-06
2.698604930628789589e-06
3.995896349806571379e-06
1.367206277791410685e-04
9.233743912773206830e-05
1.478632748330710456e-05
3.995896349806571379e-06
1.822485955926822498e-06
1.598966605342866387e-06
2.499785460531711578e-02
1.231784448027610779e-01
1.315290480852127075e-02
1.108187949284911156e-03
6.236139597604051232e-05
8.761180652072653174e-06
6.805913150310516357e-02
1.721970736980438232e-01
1.496404316276311874e-02
1.439195126295089722e-03
9.233743912773206830e-05
9.985895303543657064e-06
1.052440420608036220e-04
1.199543621623888612e-04
3.695102350320667028e-05
7.686662684136535972e-06
2.698604930628789589e-06
6.398291247933229897e-07
7.292715054063592106e-07
2.560285565778031014e-07
3.326124726754642325e-07
1.517008882956361049e-07
7.886111319521660334e-08
5.325832219682524737e-08
1.365479396220337094e-09
1.869764076900537475e-08
1.970780374449532246e-07
6.398291247933229897e-07
1.230805537488777190e-06
2.698604930628789589e-06
9.474130138187319972e-07
7.292715054063592106e-07
2.077252929666428827e-06
1.822485955926822498e-06
1.402859652444021776e-06
1.230805537488777190e-06
1.024501656843312958e-07
1.024501656843312958e-07
6.398291247933229897e-07
8.312164254675735720e-07
1.598966605342866387e-06
3.075841505051357672e-06
2.024326531682163477e-04
7.107828423613682389e-05
7.686662684136535972e-06
1.079851926988339983e-06
8.312164254675735720e-07
1.079851926988339983e-06
9.716069102287292480e-01
8.768215775489807129e-01
3.223426267504692078e-02
9.724054834805428982e-04
7.107828423613682389e-05
2.495492481102701277e-05
9.968498349189758301e-01
9.634244441986083984e-01
3.657549992203712463e-02
7.486769463866949081e-04
4.211620034766383469e-05
8.761180652072653174e-06
2.629691734910011292e-04
6.569148390553891659e-04
9.233743912773206830e-05
7.686662684136535972e-06
1.230805537488777190e-06
1.970780374449532246e-07
5.916820100537734106e-06
1.230805537488777190e-06
7.292715054063592106e-07
2.246278114625965827e-07
1.517008882956361049e-07
1.024501656843312958e-07
4.099556960568406794e-08
4.321043718391592847e-07
2.698604930628789589e-06
3.995896349806571379e-06
4.554480256047099829e-06
4.554480256047099829e-06
2.131138643335361849e-08
3.596764841518051981e-08
2.246278114625965827e-07
2.918191057688090950e-07
2.918191057688090950e-07
3.326124726754642325e-07
2.021900424864497836e-09
7.481884445326159039e-09
1.330954688683050335e-07
3.326124726754642325e-07
9.474130138187319972e-07
2.077252929666428827e-06
3.241926606278866529e-05
1.297286326007451862e-05
6.743933681718772277e-06
1.822485955926822498e-06
1.230805537488777190e-06
9.474130138187319972e-07
7.107828423613682389e-05
1.052440420608036220e-04
2.495492481102701277e-05
2.367631850574980490e-06
4.321043718391592847e-07
1.167717940120382991e-07
9.724054834805428982e-04
1.108187949284911156e-03
1.199543621623888612e-04
1.478632748330710456e-05
1.822485955926822498e-06
5.613570692730718292e-07
2.629691734910011292e-04
1.052440420608036220e-04
1.138181869464460760e-05
1.230805537488777190e-06
3.791087124227487948e-07
1.024501656843312958e-07
1.079851926988339983e-06
1.167717940120382991e-07
4.672643072467508318e-08
2.131138643335361849e-08
3.155637529062005342e-08
7.886111319521660334e-08
2.246278114625965827e-07
4.321043718391592847e-07
1.230805537488777190e-06
9.474130138187319972e-07
7.292715054063592106e-07
5.613570692730718292e-07
9.719895999182881496e-09
1.439249963652855513e-08
6.918916284348597401e-08
6.918916284348597401e-08
7.886111319521660334e-08
8.988511268626098172e-08
8.748985563800104615e-11
1.295487467301015272e-10
2.626699302510360212e-09
6.564265575548233755e-09
2.429050560692758154e-08
6.918916284348597401e-08
1.365479396220337094e-09
2.626699302510360212e-09
2.429050560692758154e-08
4.099556960568406794e-08
1.024501656843312958e-07
1.970780374449532246e-07
7.292715054063592106e-07
2.560285565778031014e-07
1.970780374449532246e-07
8.988511268626098172e-08
7.886111319521660334e-08
6.918916284348597401e-08
1.685327697487082332e-05
4.554480256047099829e-06
2.367631850574980490e-06
6.398291247933229897e-07
3.791087124227487948e-07
1.517008882956361049e-07
2.367631850574980490e-06
6.398291247933229897e-07
4.925087182527931873e-07
1.517008882956361049e-07
1.729073204614905990e-07
2.246278114625965827e-07
2.429050560692758154e-08
6.564265575548233755e-09
9.719895999182881496e-09
9.719895999182881496e-09
3.155637529062005342e-08
1.330954688683050335e-07
1.167717940120382991e-07
1.517008882956361049e-07
2.560285565778031014e-07
1.970780374449532246e-07
2.246278114625965827e-07
2.918191057688090950e-07
5.325832219682524737e-08
1.024501656843312958e-07
4.925087182527931873e-07
4.321043718391592847e-07
4.321043718391592847e-07
4.321043718391592847e-07
1.819938470759563387e-11
2.694834633221177000e-11
6.227793836188766363e-10
1.556359707777232870e-09
5.052840368335864696e-09
2.131138643335361849e-08
3.071546142430214843e-11
5.908568079249221228e-11
1.198007137936940580e-09
3.412401250457719470e-09
1.262732496343232924e-08
6.918916284348597401e-08
1.640446001260897901e-08
1.439249963652855513e-08
6.070330016427760711e-08
6.070330016427760711e-08
1.517008882956361049e-07
3.791087124227487948e-07
2.560285565778031014e-07
6.070330016427760711e-08
6.070330016427760711e-08
2.429050560692758154e-08
3.155637529062005342e-08
6.918916284348597401e-08
2.429050560692758154e-08
1.439249963652855513e-08
5.325832219682524737e-08
3.155637529062005342e-08
2.429050560692758154e-08
2.131138643335361849e-08
5.759177135189474939e-09
3.412401250457719470e-09
8.527778483369274909e-09
5.759177135189474939e-09
8.527778483369274909e-09
1.869764076900537475e-08
1.330954688683050335e-07
2.918191057688090950e-07
4.321043718391592847e-07
2.918191057688090950e-07
3.326124726754642325e-07
5.613570692730718292e-07
1.822485955926822498e-06
2.698604930628789589e-06
9.985895303543657064e-06
3.505815811877255328e-06
1.402859652444021776e-06
4.925087182527931873e-07
3.889428779046966156e-09
5.052840368335864696e-09
6.918916284348597401e-08
6.918916284348597401e-08
1.167717940120382991e-07
2.246278114625965827e-07
9.221671759540583935e-10
3.412401250457719470e-09
7.886111319521660334e-08
1.167717940120382991e-07
1.729073204614905990e-07
3.326124726754642325e-07
1.918265130074203739e-10
1.556359707777232870e-09
4.099556960568406794e-08
5.325832219682524737e-08
1.167717940120382991e-07
2.246278114625965827e-07
6.564265575548233755e-09
5.759177135189474939e-09
2.429050560692758154e-08
8.527778483369274909e-09
6.564265575548233755e-09
9.719895999182881496e-09
8.312164254675735720e-07
5.613570692730718292e-07
7.292715054063592106e-07
1.970780374449532246e-07
6.918916284348597401e-08
4.672643072467508318e-08
1.230805537488777190e-06
1.230805537488777190e-06
1.079851926988339983e-06
1.729073204614905990e-07
3.155637529062005342e-08
1.439249963652855513e-08
2.077252929666428827e-06
3.505815811877255328e-06
5.916820100537734106e-06
1.822485955926822498e-06
6.398291247933229897e-07
4.321043718391592847e-07
